202408010701,9787040108200,高等数学（第五版）上,20240901,
202408010701,9787040108200,高等数学（第五版）上,20240901,
202408010701,9787511379054,月亮与六便士,20241010,
202408010701,9787559648273,拉普拉斯的魔女,20241209,20241224
202408010701,9787544270878,解忧杂货铺,20241209,20241224
202408030511,9787572614583,边城,20241209,
202408030511,9787544258609,白夜行,20231212,
200508010601,9787544291170,百年孤独,20111111,
9787572619335,湘行散记,2,2,
202408010701,9787535744517,时间简史,20241208,20241215
202408010701,9787544291170,百年孤独,20241208,20241215
202408010611,9787020150205,水浒传,20241215,20241215
202408010701,9787020008728,三国演义,20241224,20250102
202309010618,9787534256301,狼王梦,20250102,
222222222222,9787020002207,红楼梦,20250107,20250107
222222222222,9787020002207,红楼梦,20250107,
123456,123,123,123,
200000000000,9787020002207,红楼梦,20251205,20251205
000000000000,9787020002207,红楼梦,20251205,20251205
